Design
Parameter,Units,SB0
Battery Capacity,kWh,646.5770261985797
Solar Capacity,kWp,566.6752842411163
Grid Con. Capacity,kW,351.262482433159
Evaluations
Scenario no.,Total cost,Elec. price,Carbon cost,Grid excess cost,Grid capacity cost,Battery cost,Solar cost,SB0
0,4056577.8595766276,1244072.189994263,802766.2573185817,0.0,674793.7162531739,484932.7696489348,850012.9263616744,"(0, 2013, 68.1, 351.3)"
1,4154748.7436726973,1298457.1349256176,846552.1964832967,0.0,674793.7162531739,484932.7696489348,850012.9263616744,"(0, 2014, 66.8, 373.7)"
2,3926066.835849659,1142839.6801234141,773487.7434624617,0.0,674793.7162531739,484932.7696489348,850012.9263616744,"(0, 2012, 68.2, 334.3)"
3,4297006.149481462,1380810.1088663049,906456.6283513745,0.0,674793.7162531739,484932.7696489348,850012.9263616744,"(0, 2014, 73.5, 335.9)"
4,4058344.8299768656,1260098.5420402272,788506.8756728554,0.0,674793.7162531739,484932.7696489348,850012.9263616744,"(0, 2015, 69.9, 308.9)"
5,4494194.347555055,1488854.573624767,995600.3616665052,0.0,674793.7162531739,484932.7696489348,850012.9263616744,"(0, 2016, 82.3, 327.7)"
6,4139773.9753473103,1269103.5061048435,860931.0569786837,0.0,674793.7162531739,484932.7696489348,850012.9263616744,"(0, 2012, 73.8, 330.1)"
7,4994142.677924056,1822947.040592753,1161456.225067519,0.0,674793.7162531739,484932.7696489348,850012.9263616744,"(0, 2015, 91.3, 338.3)"
8,4386747.894206084,1438987.8436093666,938020.6383329353,0.0,674793.7162531739,484932.7696489348,850012.9263616744,"(0, 2014, 72.7, 378.1)"
9,4014921.777259106,1193776.5508696237,811405.8141256991,0.0,674793.7162531739,484932.7696489348,850012.9263616744,"(0, 2012, 71.5, 314.5)"
10,3806494.7379335547,1077754.3367401042,719000.9889296675,0.0,674793.7162531739,484932.7696489348,850012.9263616744,"(0, 2016, 64.6, 317.9)"
11,4170118.9639548827,1310821.362703932,849558.1889871676,0.0,674793.7162531739,484932.7696489348,850012.9263616744,"(0, 2013, 72.2, 333.9)"
12,4221512.084865828,1321887.7296921876,889884.9429098573,0.0,674793.7162531739,484932.7696489348,850012.9263616744,"(0, 2017, 78.3, 291.6)"
13,4129929.411814361,1284461.5013038772,835728.4982467005,0.0,674793.7162531739,484932.7696489348,850012.9263616744,"(0, 2013, 72.5, 312.7)"
14,4464186.577135838,1497726.1683734008,956720.9964986535,0.0,674793.7162531739,484932.7696489348,850012.9263616744,"(0, 2015, 81.9, 289.7)"
15,3763202.8103539287,1059291.9661893165,694171.4319008293,0.0,674793.7162531739,484932.7696489348,850012.9263616744,"(0, 2014, 58.8, 336.1)"
16,4019558.068012088,1212663.144506197,797155.5112421082,0.0,674793.7162531739,484932.7696489348,850012.9263616744,"(0, 2014, 67.0, 322.4)"
17,4110887.5455918303,1260942.322949316,840205.8103787312,0.0,674793.7162531739,484932.7696489348,850012.9263616744,"(0, 2016, 71.4, 338.1)"
18,4526877.096665547,1523826.8487964384,993310.8356053255,0.0,674793.7162531739,484932.7696489348,850012.9263616744,"(0, 2014, 76.2, 380.8)"
19,4410695.424584159,1440578.472680092,960377.5396402833,0.0,674793.7162531739,484932.7696489348,850012.9263616744,"(0, 2016, 78.7, 346.2)"
20,4111331.199182442,1259615.3697762953,841976.4171423637,0.0,674793.7162531739,484932.7696489348,850012.9263616744,"(0, 2017, 71.8, 331.7)"
21,3953197.353604866,1203232.699650132,740225.2416909509,0.0,674793.7162531739,484932.7696489348,850012.9263616744,"(0, 2015, 63.9, 347.8)"
22,3962626.6201081835,1169562.788466943,783324.4193774572,0.0,674793.7162531739,484932.7696489348,850012.9263616744,"(0, 2017, 69.0, 315.3)"
23,3698183.1570999376,1009229.8280011653,679213.9168349892,0.0,674793.7162531739,484932.7696489348,850012.9263616744,"(0, 2012, 61.4, 351.2)"
24,3707698.7609371524,1019086.2009584933,678873.1477148762,0.0,674793.7162531739,484932.7696489348,850012.9263616744,"(0, 2017, 59.4, 339.5)"
25,4402652.407243525,1464351.7339990265,928561.2609807152,0.0,674793.7162531739,484932.7696489348,850012.9263616744,"(0, 2015, 79.2, 304.1)"
26,4245394.89011397,1373241.6967639595,862413.7810862274,0.0,674793.7162531739,484932.7696489348,850012.9263616744,"(0, 2015, 74.2, 316.6)"
27,3772946.956823433,1070932.9911782402,692274.5533814097,0.0,674793.7162531739,484932.7696489348,850012.9263616744,"(0, 2013, 62.0, 326.7)"
28,4182385.0716441763,1313669.395131733,858976.2642486602,0.0,674793.7162531739,484932.7696489348,850012.9263616744,"(0, 2014, 68.8, 357.0)"
29,3851041.9417560194,1103074.6996534397,738227.8298387968,0.0,674793.7162531739,484932.7696489348,850012.9263616744,"(0, 2017, 65.7, 316.8)"
30,4058265.641233164,1228989.9365794733,819536.2923899073,0.0,674793.7162531739,484932.7696489348,850012.9263616744,"(0, 2016, 70.5, 331.0)"
31,4260242.293122461,1369046.0039406226,881456.8769180548,0.0,674793.7162531739,484932.7696489348,850012.9263616744,"(0, 2013, 72.0, 374.0)"
32,3977662.427086743,1188815.6166995391,779107.398123421,0.0,674793.7162531739,484932.7696489348,850012.9263616744,"(0, 2014, 64.5, 340.0)"
33,4150960.292450212,1297468.3665003837,843752.5136860451,0.0,674793.7162531739,484932.7696489348,850012.9263616744,"(0, 2013, 72.8, 316.6)"
34,4215497.9504990205,1315439.1343228426,890319.4039123941,0.0,674793.7162531739,484932.7696489348,850012.9263616744,"(0, 2012, 74.8, 346.9)"
35,4472430.661791751,1483582.3983022003,979108.851225767,0.0,674793.7162531739,484932.7696489348,850012.9263616744,"(0, 2014, 80.4, 307.9)"
36,4363339.859955046,1402872.9405242838,950727.5071669794,0.0,674793.7162531739,484932.7696489348,850012.9263616744,"(0, 2012, 78.6, 343.7)"
37,4239853.359050591,1338488.4605707233,891625.486216084,0.0,674793.7162531739,484932.7696489348,850012.9263616744,"(0, 2017, 73.2, 358.0)"
38,4857843.780237559,1695420.6826624882,1152683.6853112874,0.0,674793.7162531739,484932.7696489348,850012.9263616744,"(0, 2012, 90.6, 341.2)"
39,3976879.996332765,1187876.6181437655,779263.9659252163,0.0,674793.7162531739,484932.7696489348,850012.9263616744,"(0, 2014, 64.9, 334.4)"
40,4332299.590117799,1385955.4581952912,936604.7196587251,0.0,674793.7162531739,484932.7696489348,850012.9263616744,"(0, 2012, 77.0, 359.8)"
41,4419986.536457941,1442521.1963555492,967725.927838608,0.0,674793.7162531739,484932.7696489348,850012.9263616744,"(0, 2016, 82.3, 303.1)"
42,4168178.5805446845,1293407.1045456282,865032.0637352734,0.0,674793.7162531739,484932.7696489348,850012.9263616744,"(0, 2016, 74.6, 315.1)"
43,4494952.721837757,1528807.1609913763,956406.1485825977,0.0,674793.7162531739,484932.7696489348,850012.9263616744,"(0, 2015, 78.0, 350.3)"
44,3623087.053652383,971052.8467037077,642294.7946848922,0.0,674793.7162531739,484932.7696489348,850012.9263616744,"(0, 2017, 53.9, 373.3)"
45,4030802.1839278014,1225655.5598215975,795407.211842421,0.0,674793.7162531739,484932.7696489348,850012.9263616744,"(0, 2013, 69.5, 318.8)"
46,4473855.373934054,1506979.8316839556,957136.129986315,0.0,674793.7162531739,484932.7696489348,850012.9263616744,"(0, 2015, 80.9, 305.6)"
47,4493740.310173907,1508248.6237826545,975752.2741274697,0.0,674793.7162531739,484932.7696489348,850012.9263616744,"(0, 2013, 78.5, 365.1)"
48,3939648.5401387406,1158009.3905907641,771899.7372841934,0.0,674793.7162531739,484932.7696489348,850012.9263616744,"(0, 2016, 67.4, 329.9)"
49,4192408.0495560127,1311116.6959323562,871551.9413598733,0.0,674793.7162531739,484932.7696489348,850012.9263616744,"(0, 2017, 70.9, 370.3)"
50,3998651.0906127756,1193221.7396289736,795689.9387200188,0.0,674793.7162531739,484932.7696489348,850012.9263616744,"(0, 2017, 67.6, 344.5)"
51,4336663.403902696,1396137.8569237324,930786.1347151813,0.0,674793.7162531739,484932.7696489348,850012.9263616744,"(0, 2016, 77.0, 343.0)"
52,4407673.974898946,1437493.1315700256,960441.431065137,0.0,674793.7162531739,484932.7696489348,850012.9263616744,"(0, 2016, 79.8, 330.5)"
53,4575887.219904371,1524185.5666065374,1041962.24103405,0.0,674793.7162531739,484932.7696489348,850012.9263616744,"(0, 2012, 86.1, 300.5)"
54,3985183.077862812,1176886.3970623491,798557.26853668,0.0,674793.7162531739,484932.7696489348,850012.9263616744,"(0, 2012, 70.3, 322.9)"
55,4572794.707985289,1536153.3612315045,1026901.9344900019,0.0,674793.7162531739,484932.7696489348,850012.9263616744,"(0, 2017, 83.0, 347.4)"
56,4389619.976340223,1417623.1472540225,962257.4168224169,0.0,674793.7162531739,484932.7696489348,850012.9263616744,"(0, 2012, 79.7, 335.1)"
57,3933907.3129937025,1160836.4327013625,763331.4680285568,0.0,674793.7162531739,484932.7696489348,850012.9263616744,"(0, 2014, 64.8, 320.2)"
58,4319832.9785170145,1378015.8229851897,932077.7432680409,0.0,674793.7162531739,484932.7696489348,850012.9263616744,"(0, 2012, 77.0, 353.9)"
59,4569820.52445594,1544927.9852325008,1015153.1269596559,0.0,674793.7162531739,484932.7696489348,850012.9263616744,"(0, 2014, 80.7, 336.5)"
60,3954925.3449586323,1159333.6445213929,785852.2881734564,0.0,674793.7162531739,484932.7696489348,850012.9263616744,"(0, 2012, 69.3, 327.4)"
61,4072012.371320205,1245365.1972051202,816907.7618513016,0.0,674793.7162531739,484932.7696489348,850012.9263616744,"(0, 2014, 67.4, 336.0)"
62,3702547.874905127,1019114.9382311266,673693.5244102172,0.0,674793.7162531739,484932.7696489348,850012.9263616744,"(0, 2014, 60.8, 288.0)"
63,3936893.139552557,1151817.9236076395,775335.8036811345,0.0,674793.7162531739,484932.7696489348,850012.9263616744,"(0, 2017, 71.2, 281.6)"
64,4257740.407163248,1348541.2073239766,899459.7875754887,0.0,674793.7162531739,484932.7696489348,850012.9263616744,"(0, 2017, 74.3, 350.6)"
65,4679342.651755685,1599833.0613558248,1069770.1781360772,0.0,674793.7162531739,484932.7696489348,850012.9263616744,"(0, 2017, 85.6, 349.9)"
66,4266577.163937338,1389431.6632329787,867406.0884405755,0.0,674793.7162531739,484932.7696489348,850012.9263616744,"(0, 2015, 73.4, 334.1)"
67,4279692.945112882,1393882.3759764782,876071.1568726209,0.0,674793.7162531739,484932.7696489348,850012.9263616744,"(0, 2015, 75.0, 317.7)"
68,3962635.631470337,1161656.9461330029,791239.273073551,0.0,674793.7162531739,484932.7696489348,850012.9263616744,"(0, 2012, 70.9, 300.8)"
69,4080950.1332327323,1282719.6718945964,788491.0490743526,0.0,674793.7162531739,484932.7696489348,850012.9263616744,"(0, 2015, 66.3, 361.6)"
70,4615557.885272764,1576574.425436906,1029244.0475720743,0.0,674793.7162531739,484932.7696489348,850012.9263616744,"(0, 2014, 79.0, 374.4)"
71,4000278.5759675405,1183698.5408145634,806840.622889194,0.0,674793.7162531739,484932.7696489348,850012.9263616744,"(0, 2012, 72.0, 297.8)"
72,3918882.9993900647,1152631.8311204899,756511.756005792,0.0,674793.7162531739,484932.7696489348,850012.9263616744,"(0, 2014, 63.6, 330.4)"
73,4843372.714802902,1698427.342020344,1135205.9605187757,0.0,674793.7162531739,484932.7696489348,850012.9263616744,"(0, 2017, 89.1, 359.0)"
74,3829991.7192632495,1103908.0029770075,716344.304022459,0.0,674793.7162531739,484932.7696489348,850012.9263616744,"(0, 2013, 64.7, 309.5)"
75,4093854.78422376,1243296.7546376286,840818.6173223484,0.0,674793.7162531739,484932.7696489348,850012.9263616744,"(0, 2012, 71.8, 346.3)"
76,4386421.40918401,1423413.1962678628,953268.8006523638,0.0,674793.7162531739,484932.7696489348,850012.9263616744,"(0, 2016, 80.6, 313.1)"
77,3984043.4457117366,1197021.056580672,777282.9768672814,0.0,674793.7162531739,484932.7696489348,850012.9263616744,"(0, 2013, 68.6, 313.5)"
78,4435994.606476016,1465054.5747451647,961200.6194670683,0.0,674793.7162531739,484932.7696489348,850012.9263616744,"(0, 2014, 76.7, 342.7)"
79,4265271.485577985,1385646.9788111532,869885.0945030485,0.0,674793.7162531739,484932.7696489348,850012.9263616744,"(0, 2015, 74.5, 319.4)"
80,4541222.311921835,1510226.9586082583,1021255.9410497941,0.0,674793.7162531739,484932.7696489348,850012.9263616744,"(0, 2012, 81.9, 363.2)"
81,3943816.6280816034,1150226.8050202667,783850.4107975536,0.0,674793.7162531739,484932.7696489348,850012.9263616744,"(0, 2012, 70.6, 297.5)"
82,3890782.3888915596,1121007.4104818427,760035.5661459337,0.0,674793.7162531739,484932.7696489348,850012.9263616744,"(0, 2012, 67.9, 323.0)"
83,4998543.15553884,1789407.4346968916,1199396.3085781648,0.0,674793.7162531739,484932.7696489348,850012.9263616744,"(0, 2017, 93.9, 348.5)"
84,4429266.325087165,1480940.3378855425,938586.5749378398,0.0,674793.7162531739,484932.7696489348,850012.9263616744,"(0, 2015, 79.6, 307.6)"
85,4278374.212950455,1349609.056638762,919025.7440479106,0.0,674793.7162531739,484932.7696489348,850012.9263616744,"(0, 2012, 78.2, 311.7)"
86,3981917.3304851186,1198232.571482948,773945.3467383874,0.0,674793.7162531739,484932.7696489348,850012.9263616744,"(0, 2013, 66.7, 342.0)"
87,4319618.182871975,1415344.9625080335,894533.8081001586,0.0,674793.7162531739,484932.7696489348,850012.9263616744,"(0, 2015, 76.9, 306.6)"
88,4296767.14483358,1411669.0070312263,875358.7255385709,0.0,674793.7162531739,484932.7696489348,850012.9263616744,"(0, 2015, 72.5, 356.0)"
89,4024199.3214938594,1209198.1460521445,805261.7631779318,0.0,674793.7162531739,484932.7696489348,850012.9263616744,"(0, 2016, 69.0, 339.8)"
90,4389027.93698713,1458499.7078047954,920788.8169185512,0.0,674793.7162531739,484932.7696489348,850012.9263616744,"(0, 2015, 78.0, 315.3)"
91,4159747.2435490577,1298680.2600789443,851327.5712063306,0.0,674793.7162531739,484932.7696489348,850012.9263616744,"(0, 2013, 75.1, 283.5)"
92,3959297.030769418,1162421.9442208477,787135.6742847874,0.0,674793.7162531739,484932.7696489348,850012.9263616744,"(0, 2012, 69.1, 333.2)"
93,4162951.864580872,1331254.2614032906,821958.1909137983,0.0,674793.7162531739,484932.7696489348,850012.9263616744,"(0, 2015, 69.0, 355.8)"
94,3825794.074380092,1122370.2590608026,693684.4030555063,0.0,674793.7162531739,484932.7696489348,850012.9263616744,"(0, 2015, 62.4, 322.5)"
95,3501229.646030359,891121.2145630508,600369.0192035249,0.0,674793.7162531739,484932.7696489348,850012.9263616744,"(0, 2012, 57.0, 334.2)"
96,4576669.216605078,1536982.6752044568,1029947.1291368384,0.0,674793.7162531739,484932.7696489348,850012.9263616744,"(0, 2017, 84.3, 333.2)"
97,4457691.960715836,1505679.0752932543,942273.4731587984,0.0,674793.7162531739,484932.7696489348,850012.9263616744,"(0, 2015, 77.4, 345.8)"
98,4625000.267017432,1580111.5979973623,1035149.2567562858,0.0,674793.7162531739,484932.7696489348,850012.9263616744,"(0, 2014, 80.7, 355.6)"
99,4130513.2788278195,1270707.3138316798,850066.5527323568,0.0,674793.7162531739,484932.7696489348,850012.9263616744,"(0, 2017, 72.7, 327.3)"
100,4509262.263666079,1512532.2598359156,986990.5915663806,0.0,674793.7162531739,484932.7696489348,850012.9263616744,"(0, 2013, 81.2, 327.5)"
101,4311486.062610541,1380066.3134025852,921680.3369441716,0.0,674793.7162531739,484932.7696489348,850012.9263616744,"(0, 2016, 77.3, 330.0)"
102,4330887.660291402,1395700.2045232076,925448.0435044103,0.0,674793.7162531739,484932.7696489348,850012.9263616744,"(0, 2017, 73.0, 390.9)"
103,3987285.1703808447,1192107.3176124706,785438.4405045909,0.0,674793.7162531739,484932.7696489348,850012.9263616744,"(0, 2014, 67.2, 308.4)"
104,5002929.380761188,1810248.909204346,1182941.0592930594,0.0,674793.7162531739,484932.7696489348,850012.9263616744,"(0, 2013, 91.8, 348.7)"
105,4462523.52437193,1504067.663321947,948716.4487862004,0.0,674793.7162531739,484932.7696489348,850012.9263616744,"(0, 2015, 79.2, 324.1)"
106,3807216.3535861103,1081767.2808410795,715709.6604812478,0.0,674793.7162531739,484932.7696489348,850012.9263616744,"(0, 2014, 64.1, 283.9)"
107,4677635.007893985,1607642.404749996,1060253.190880206,0.0,674793.7162531739,484932.7696489348,850012.9263616744,"(0, 2013, 87.5, 291.9)"
108,3850912.039785477,1110285.9615710108,730886.665950683,0.0,674793.7162531739,484932.7696489348,850012.9263616744,"(0, 2014, 63.1, 312.3)"
109,4255363.349131691,1358353.5770327747,887270.3598351334,0.0,674793.7162531739,484932.7696489348,850012.9263616744,"(0, 2013, 76.2, 305.2)"
110,4034243.328787904,1202770.7129253724,821733.2035987487,0.0,674793.7162531739,484932.7696489348,850012.9263616744,"(0, 2012, 73.5, 285.9)"
111,4162388.9177041645,1300487.2144310633,852162.2910093179,0.0,674793.7162531739,484932.7696489348,850012.9263616744,"(0, 2014, 69.3, 343.4)"
112,4176449.5113709415,1289685.2033112568,877024.8957959013,0.0,674793.7162531739,484932.7696489348,850012.9263616744,"(0, 2012, 75.4, 317.3)"
113,3841477.7139654425,1134240.2861081539,697498.0155935056,0.0,674793.7162531739,484932.7696489348,850012.9263616744,"(0, 2015, 61.5, 338.8)"
114,4791460.472725483,1664891.766859507,1116829.293602192,0.0,674793.7162531739,484932.7696489348,850012.9263616744,"(0, 2017, 89.6, 336.5)"
115,4299956.4615868945,1417047.5607132646,873169.4886098462,0.0,674793.7162531739,484932.7696489348,850012.9263616744,"(0, 2015, 71.1, 375.2)"
116,4465255.136607093,1481590.9867701996,973924.73757311,0.0,674793.7162531739,484932.7696489348,850012.9263616744,"(0, 2014, 78.3, 331.8)"
117,4225671.740611531,1318718.2858088068,897214.042538941,0.0,674793.7162531739,484932.7696489348,850012.9263616744,"(0, 2012, 76.7, 315.4)"
118,4519598.551936907,1499445.7076094125,1010413.4320637112,0.0,674793.7162531739,484932.7696489348,850012.9263616744,"(0, 2017, 85.6, 299.9)"
119,3879838.3443754744,1136430.2254271323,733668.706684559,0.0,674793.7162531739,484932.7696489348,850012.9263616744,"(0, 2013, 64.1, 339.5)"
120,3950187.01744165,1163937.152725088,776510.452452779,0.0,674793.7162531739,484932.7696489348,850012.9263616744,"(0, 2017, 66.6, 339.9)"
121,4284035.16639315,1408330.0763383626,865965.6777910037,0.0,674793.7162531739,484932.7696489348,850012.9263616744,"(0, 2015, 70.3, 380.0)"
122,4200080.346722197,1327669.8711426114,862671.063315802,0.0,674793.7162531739,484932.7696489348,850012.9263616744,"(0, 2013, 73.6, 324.1)"
123,4028511.593601682,1204179.7003256122,814592.4810122867,0.0,674793.7162531739,484932.7696489348,850012.9263616744,"(0, 2012, 70.4, 341.8)"
124,4122478.778897491,1277933.2111243547,834806.1555093529,0.0,674793.7162531739,484932.7696489348,850012.9263616744,"(0, 2013, 73.4, 295.5)"
125,4588094.445647814,1587183.7153128698,991171.3180711614,0.0,674793.7162531739,484932.7696489348,850012.9263616744,"(0, 2015, 79.3, 364.0)"
126,3843498.3964091525,1132708.8391231706,701050.1450221987,0.0,674793.7162531739,484932.7696489348,850012.9263616744,"(0, 2015, 63.1, 320.0)"
127,4432549.457683096,1449405.299880655,973404.7455386572,0.0,674793.7162531739,484932.7696489348,850012.9263616744,"(0, 2017, 82.1, 313.9)"
128,4055603.3656476755,1262582.437756461,783281.5156274315,0.0,674793.7162531739,484932.7696489348,850012.9263616744,"(0, 2015, 68.0, 332.1)"
129,4378025.120035775,1451460.4322636626,916825.2755083294,0.0,674793.7162531739,484932.7696489348,850012.9263616744,"(0, 2015, 77.9, 313.0)"
130,3811413.9914722913,1079067.672652583,722606.9065559249,0.0,674793.7162531739,484932.7696489348,850012.9263616744,"(0, 2016, 66.5, 293.1)"
131,4361223.7132316865,1406315.2003522927,945169.1006156104,0.0,674793.7162531739,484932.7696489348,850012.9263616744,"(0, 2017, 80.8, 306.6)"
132,4162062.5839378927,1297091.2597413019,855231.9119328075,0.0,674793.7162531739,484932.7696489348,850012.9263616744,"(0, 2014, 72.1, 307.1)"
133,4197714.635733683,1310379.2061929435,877596.0172769557,0.0,674793.7162531739,484932.7696489348,850012.9263616744,"(0, 2016, 76.0, 307.1)"
134,3814611.4475036967,1080103.365294943,724768.6699449706,0.0,674793.7162531739,484932.7696489348,850012.9263616744,"(0, 2017, 66.2, 298.3)"
135,4378631.23183847,1418760.8356945913,950130.9838800963,0.0,674793.7162531739,484932.7696489348,850012.9263616744,"(0, 2016, 80.4, 313.0)"
136,3997982.946344003,1190416.0365602353,797827.4975199848,0.0,674793.7162531739,484932.7696489348,850012.9263616744,"(0, 2017, 70.3, 311.9)"
137,4628349.934831574,1607135.367958508,1011475.1546092825,0.0,674793.7162531739,484932.7696489348,850012.9263616744,"(0, 2015, 81.8, 344.7)"
138,4310233.095175816,1416848.4321614567,883645.2507505758,0.0,674793.7162531739,484932.7696489348,850012.9263616744,"(0, 2015, 74.0, 341.0)"
139,4240460.799170166,1334949.7443442214,895771.6425621619,0.0,674793.7162531739,484932.7696489348,850012.9263616744,"(0, 2017, 77.1, 311.5)"
140,4525731.732763948,1517945.0570980152,998047.2634021501,0.0,674793.7162531739,484932.7696489348,850012.9263616744,"(0, 2014, 79.9, 331.9)"
141,4460109.0460918285,1468429.0936917344,981940.5401363117,0.0,674793.7162531739,484932.7696489348,850012.9263616744,"(0, 2016, 81.5, 326.4)"
142,4338007.780002531,1384634.8899997466,943633.4777390014,0.0,674793.7162531739,484932.7696489348,850012.9263616744,"(0, 2012, 79.8, 309.3)"
143,4388034.175978465,1442841.0890441462,935453.6746705354,0.0,674793.7162531739,484932.7696489348,850012.9263616744,"(0, 2013, 76.9, 348.0)"
144,3979059.8797092442,1196410.584935952,772909.8825095093,0.0,674793.7162531739,484932.7696489348,850012.9263616744,"(0, 2013, 66.7, 340.8)"
145,4511568.303731776,1528655.2708433198,973173.6206246727,0.0,674793.7162531739,484932.7696489348,850012.9263616744,"(0, 2015, 82.1, 302.4)"
146,4323013.147216179,1386561.0171518787,926712.7178005175,0.0,674793.7162531739,484932.7696489348,850012.9263616744,"(0, 2017, 77.0, 339.1)"
147,4061039.0086814696,1231013.1112734615,820286.4851442248,0.0,674793.7162531739,484932.7696489348,850012.9263616744,"(0, 2016, 70.2, 336.2)"
148,4051644.2612675866,1217853.2193220053,824051.629681798,0.0,674793.7162531739,484932.7696489348,850012.9263616744,"(0, 2012, 71.0, 341.4)"
149,4738894.174856495,1643156.6163714146,1085998.1462212969,0.0,674793.7162531739,484932.7696489348,850012.9263616744,"(0, 2014, 87.9, 304.1)"
150,3919965.9636162193,1135777.3537983897,774449.1975540468,0.0,674793.7162531739,484932.7696489348,850012.9263616744,"(0, 2012, 70.2, 293.6)"
151,4722782.59260514,1646407.113143675,1066636.0671976819,0.0,674793.7162531739,484932.7696489348,850012.9263616744,"(0, 2013, 83.7, 372.3)"
152,4084714.568707043,1243687.3061385206,831287.8503047393,0.0,674793.7162531739,484932.7696489348,850012.9263616744,"(0, 2016, 72.3, 315.9)"
153,4223296.994527489,1330110.0086481003,883447.573615606,0.0,674793.7162531739,484932.7696489348,850012.9263616744,"(0, 2016, 72.5, 365.4)"
154,4631056.215433063,1611936.9212531303,1009379.8819161493,0.0,674793.7162531739,484932.7696489348,850012.9263616744,"(0, 2015, 80.7, 359.9)"
155,4173459.9297909825,1288628.0512854338,875092.4662417653,0.0,674793.7162531739,484932.7696489348,850012.9263616744,"(0, 2012, 74.9, 325.2)"
156,4109742.1786522307,1275003.7883457458,824998.9780427017,0.0,674793.7162531739,484932.7696489348,850012.9263616744,"(0, 2013, 70.3, 338.8)"
157,4049894.921738209,1254992.0099836655,785163.4994907606,0.0,674793.7162531739,484932.7696489348,850012.9263616744,"(0, 2015, 69.7, 308.6)"
158,3965992.3918867344,1178263.2419736339,777989.7376493172,0.0,674793.7162531739,484932.7696489348,850012.9263616744,"(0, 2014, 67.6, 295.9)"
159,4271982.6076882575,1354688.0211405214,907555.1742839536,0.0,674793.7162531739,484932.7696489348,850012.9263616744,"(0, 2016, 78.0, 307.2)"
160,4138216.3094136254,1286453.0680158392,842023.829134003,0.0,674793.7162531739,484932.7696489348,850012.9263616744,"(0, 2014, 68.1, 350.4)"
161,4504139.151996682,1530078.928112627,964320.8116202721,0.0,674793.7162531739,484932.7696489348,850012.9263616744,"(0, 2015, 79.8, 330.1)"
162,4134019.9252879363,1286535.9978119566,837744.5152121967,0.0,674793.7162531739,484932.7696489348,850012.9263616744,"(0, 2013, 72.8, 309.6)"
163,4987801.459035023,1770549.824627366,1207512.222143874,0.0,674793.7162531739,484932.7696489348,850012.9263616744,"(0, 2012, 94.6, 324.4)"
164,4456327.909847185,1466174.9312340084,980413.5663493942,0.0,674793.7162531739,484932.7696489348,850012.9263616744,"(0, 2016, 81.4, 326.4)"
165,3935049.289921033,1184874.6084860135,740435.2691712365,0.0,674793.7162531739,484932.7696489348,850012.9263616744,"(0, 2015, 67.2, 301.3)"
166,4006840.113487962,1197226.4850838496,799874.2161403296,0.0,674793.7162531739,484932.7696489348,850012.9263616744,"(0, 2017, 68.8, 333.0)"
167,4610670.343205199,1571173.5002031957,1029757.43073822,0.0,674793.7162531739,484932.7696489348,850012.9263616744,"(0, 2013, 84.5, 313.9)"
168,4422155.6828541625,1460241.9820519262,952174.2885384527,0.0,674793.7162531739,484932.7696489348,850012.9263616744,"(0, 2013, 79.2, 324.8)"
169,4538422.435022483,1525242.5398123453,1003440.4829463542,0.0,674793.7162531739,484932.7696489348,850012.9263616744,"(0, 2014, 80.5, 328.6)"
170,4002465.092479671,1197139.024368512,795586.6558473756,0.0,674793.7162531739,484932.7696489348,850012.9263616744,"(0, 2016, 67.5, 353.1)"
171,3851854.871053627,1105462.7059212632,736652.7528685811,0.0,674793.7162531739,484932.7696489348,850012.9263616744,"(0, 2017, 63.4, 343.6)"
172,3676519.5480819596,1012099.9456556197,654680.1901625566,0.0,674793.7162531739,484932.7696489348,850012.9263616744,"(0, 2013, 59.9, 318.0)"
173,4562745.479037767,1539047.579155081,1013958.4876189034,0.0,674793.7162531739,484932.7696489348,850012.9263616744,"(0, 2014, 81.8, 320.5)"
174,3745168.3837944656,1071561.895662756,663867.0758679265,0.0,674793.7162531739,484932.7696489348,850012.9263616744,"(0, 2015, 61.3, 308.1)"
175,3759520.374825967,1054319.0609947273,695461.9015674568,0.0,674793.7162531739,484932.7696489348,850012.9263616744,"(0, 2014, 61.5, 299.8)"
176,4129710.8711333326,1271263.1595669044,848708.2993026449,0.0,674793.7162531739,484932.7696489348,850012.9263616744,"(0, 2016, 72.8, 325.6)"
177,4053930.1893559503,1238803.1277640185,805387.6493281488,0.0,674793.7162531739,484932.7696489348,850012.9263616744,"(0, 2013, 70.6, 311.3)"
178,4442658.434972458,1491956.665420545,940962.3572881296,0.0,674793.7162531739,484932.7696489348,850012.9263616744,"(0, 2015, 78.8, 322.7)"
179,3848850.2578113,1106782.7715831753,732328.0739643418,0.0,674793.7162531739,484932.7696489348,850012.9263616744,"(0, 2014, 65.3, 283.6)"
180,4081103.510133259,1254972.692593768,816391.4052757078,0.0,674793.7162531739,484932.7696489348,850012.9263616744,"(0, 2013, 71.4, 310.0)"
181,4232803.5130234435,1333878.5189658338,889185.581793827,0.0,674793.7162531739,484932.7696489348,850012.9263616744,"(0, 2016, 74.5, 339.8)"
182,4303953.137533102,1377414.7783350872,916798.9469342319,0.0,674793.7162531739,484932.7696489348,850012.9263616744,"(0, 2016, 75.4, 353.4)"
183,3906332.822019602,1131469.7123211005,765123.6974347187,0.0,674793.7162531739,484932.7696489348,850012.9263616744,"(0, 2012, 67.5, 338.1)"
184,3930218.465450082,1182523.6467990112,737955.4063872875,0.0,674793.7162531739,484932.7696489348,850012.9263616744,"(0, 2015, 66.8, 304.5)"
185,3818483.6669938075,1076894.6642968403,731849.5904331842,0.0,674793.7162531739,484932.7696489348,850012.9263616744,"(0, 2012, 66.9, 306.7)"
186,4527944.718758382,1506913.2130954578,1011292.0933991405,0.0,674793.7162531739,484932.7696489348,850012.9263616744,"(0, 2016, 85.0, 305.4)"
187,4746158.004149172,1651250.0649182932,1085168.5269670954,0.0,674793.7162531739,484932.7696489348,850012.9263616744,"(0, 2013, 88.0, 310.6)"
188,4420463.654042704,1444244.2190980888,966480.0226808315,0.0,674793.7162531739,484932.7696489348,850012.9263616744,"(0, 2017, 80.0, 334.8)"
189,4101455.993995323,1252404.2883461113,839312.2933854286,0.0,674793.7162531739,484932.7696489348,850012.9263616744,"(0, 2017, 72.9, 315.5)"
190,4727488.879400196,1664943.1127016572,1052806.3544347554,0.0,674793.7162531739,484932.7696489348,850012.9263616744,"(0, 2015, 84.7, 339.2)"
191,4098741.2797723454,1261422.0621312123,827579.8053773502,0.0,674793.7162531739,484932.7696489348,850012.9263616744,"(0, 2014, 68.2, 335.1)"
192,4558186.019485382,1514222.0478477816,1034224.5593738176,0.0,674793.7162531739,484932.7696489348,850012.9263616744,"(0, 2012, 85.4, 305.4)"
193,3896073.668052579,1143821.8576390154,742512.3981497805,0.0,674793.7162531739,484932.7696489348,850012.9263616744,"(0, 2013, 66.4, 311.0)"
194,4216734.296193037,1322163.5130780574,884831.3708511962,0.0,674793.7162531739,484932.7696489348,850012.9263616744,"(0, 2017, 75.1, 327.1)"
195,5197898.384460771,1906021.8849180266,1282137.0872789617,0.0,674793.7162531739,484932.7696489348,850012.9263616744,"(0, 2017, 100.1, 333.9)"
196,5045224.5640815925,1818812.7493481017,1216672.4024697077,0.0,674793.7162531739,484932.7696489348,850012.9263616744,"(0, 2017, 94.0, 361.6)"
197,3936862.473324063,1155996.3895724004,771126.6714878792,0.0,674793.7162531739,484932.7696489348,850012.9263616744,"(0, 2017, 66.2, 340.1)"
198,4362063.693559557,1422943.7050951577,929380.5762006161,0.0,674793.7162531739,484932.7696489348,850012.9263616744,"(0, 2014, 72.9, 366.8)"
199,3974682.4749684166,1178745.2076893775,786197.8550152561,0.0,674793.7162531739,484932.7696489348,850012.9263616744,"(0, 2017, 67.1, 342.3)"
200,4162964.3758001793,1325971.186941371,827253.776595025,0.0,674793.7162531739,484932.7696489348,850012.9263616744,"(0, 2015, 71.3, 326.3)"
201,4386850.209042837,1458380.53186166,918730.2649173938,0.0,674793.7162531739,484932.7696489348,850012.9263616744,"(0, 2015, 77.5, 321.1)"
202,4452639.442071091,1450461.2992640436,992438.7305432642,0.0,674793.7162531739,484932.7696489348,850012.9263616744,"(0, 2012, 83.6, 291.5)"
203,3938579.570731491,1167113.2641740076,761726.8942937003,0.0,674793.7162531739,484932.7696489348,850012.9263616744,"(0, 2013, 69.1, 287.3)"
204,4260020.269013934,1367666.3282200284,882614.5285301227,0.0,674793.7162531739,484932.7696489348,850012.9263616744,"(0, 2013, 72.8, 361.3)"
205,4434494.11705756,1447321.5258963658,977433.1788974118,0.0,674793.7162531739,484932.7696489348,850012.9263616744,"(0, 2017, 84.7, 284.1)"
206,4119734.234048071,1302524.5355028207,807470.2862814667,0.0,674793.7162531739,484932.7696489348,850012.9263616744,"(0, 2015, 69.1, 339.9)"
207,3919811.1270758845,1150105.6045423632,759966.1102697382,0.0,674793.7162531739,484932.7696489348,850012.9263616744,"(0, 2016, 62.9, 389.8)"
208,4708465.995165268,1640064.9806278457,1058661.6022736393,0.0,674793.7162531739,484932.7696489348,850012.9263616744,"(0, 2013, 82.4, 388.0)"
209,4274038.198237635,1357087.7704759086,907211.0154979434,0.0,674793.7162531739,484932.7696489348,850012.9263616744,"(0, 2016, 76.9, 322.1)"
210,4863709.784239905,1710845.617175743,1143124.7548003795,0.0,674793.7162531739,484932.7696489348,850012.9263616744,"(0, 2017, 89.4, 361.7)"
211,3629342.2107103686,971738.3456855302,647864.4527610552,0.0,674793.7162531739,484932.7696489348,850012.9263616744,"(0, 2016, 59.7, 316.8)"
212,4298418.7862714175,1370820.2967000671,917859.0773075665,0.0,674793.7162531739,484932.7696489348,850012.9263616744,"(0, 2017, 77.4, 326.5)"
213,4112560.9282685798,1269405.4679380616,833416.0480667349,0.0,674793.7162531739,484932.7696489348,850012.9263616744,"(0, 2014, 68.9, 330.9)"
214,4381964.458433602,1411281.656158092,960943.3900117276,0.0,674793.7162531739,484932.7696489348,850012.9263616744,"(0, 2012, 80.5, 316.3)"
215,4908089.105781402,1761653.6001282553,1136696.0933893642,0.0,674793.7162531739,484932.7696489348,850012.9263616744,"(0, 2015, 92.6, 295.7)"
216,3866813.6389260055,1147266.609907489,709807.6167547333,0.0,674793.7162531739,484932.7696489348,850012.9263616744,"(0, 2015, 63.5, 323.1)"
217,4146112.088647365,1288493.0070190288,847879.6693645534,0.0,674793.7162531739,484932.7696489348,850012.9263616744,"(0, 2014, 70.8, 318.2)"
218,3805411.7503244136,1075705.5496846274,719966.7883760033,0.0,674793.7162531739,484932.7696489348,850012.9263616744,"(0, 2017, 64.5, 315.1)"
219,4567315.032257039,1534899.3141912753,1022676.3058019802,0.0,674793.7162531739,484932.7696489348,850012.9263616744,"(0, 2016, 82.0, 356.7)"
220,3952609.756172859,1177330.2803822972,765540.0635267788,0.0,674793.7162531739,484932.7696489348,850012.9263616744,"(0, 2013, 68.3, 305.2)"
221,4193278.6604007604,1317062.6530343913,866476.5951025859,0.0,674793.7162531739,484932.7696489348,850012.9263616744,"(0, 2014, 71.9, 320.5)"
222,4309985.19758076,1389534.5291309138,910711.2561860639,0.0,674793.7162531739,484932.7696489348,850012.9263616744,"(0, 2014, 73.1, 345.6)"
223,4498954.651362677,1489494.955197298,999720.283901596,0.0,674793.7162531739,484932.7696489348,850012.9263616744,"(0, 2016, 84.4, 303.3)"
224,4798398.873064951,1688366.6061415223,1100292.8546596456,0.0,674793.7162531739,484932.7696489348,850012.9263616744,"(0, 2013, 86.9, 349.6)"
225,4221518.035715558,1334697.0917039176,877081.5317478576,0.0,674793.7162531739,484932.7696489348,850012.9263616744,"(0, 2014, 72.1, 327.7)"
226,4518477.636712955,1502341.3825713585,1006396.8418778144,0.0,674793.7162531739,484932.7696489348,850012.9263616744,"(0, 2016, 83.8, 317.0)"
227,5478580.200495236,2068757.5119147773,1400083.2763166751,0.0,674793.7162531739,484932.7696489348,850012.9263616744,"(0, 2017, 109.1, 309.9)"
228,3702858.3994423742,1016176.1835889843,676942.8035896069,0.0,674793.7162531739,484932.7696489348,850012.9263616744,"(0, 2016, 61.3, 323.7)"
229,3666719.536355682,994660.4170649042,662319.707026995,0.0,674793.7162531739,484932.7696489348,850012.9263616744,"(0, 2016, 60.1, 326.3)"
230,4095714.6514916923,1251056.596352364,834918.6428755451,0.0,674793.7162531739,484932.7696489348,850012.9263616744,"(0, 2016, 71.8, 326.8)"
231,4206749.5832514055,1329229.9004870984,867780.270500524,0.0,674793.7162531739,484932.7696489348,850012.9263616744,"(0, 2014, 68.7, 367.1)"
232,3913435.4516507145,1174490.9944945748,729205.0448923565,0.0,674793.7162531739,484932.7696489348,850012.9263616744,"(0, 2015, 65.3, 317.2)"
233,4586940.8768976685,1555558.8841649576,1021642.5804689273,0.0,674793.7162531739,484932.7696489348,850012.9263616744,"(0, 2014, 80.9, 339.7)"
234,4055159.221643394,1226555.061027047,818864.7483525637,0.0,674793.7162531739,484932.7696489348,850012.9263616744,"(0, 2016, 71.0, 322.8)"
235,4327056.1335887825,1401933.6046898812,915383.116635118,0.0,674793.7162531739,484932.7696489348,850012.9263616744,"(0, 2013, 77.6, 311.9)"
236,4564420.803580659,1542832.9188046418,1011848.4725122345,0.0,674793.7162531739,484932.7696489348,850012.9263616744,"(0, 2014, 79.7, 348.0)"
237,4126207.6432740823,1280342.2377095893,836125.9933007101,0.0,674793.7162531739,484932.7696489348,850012.9263616744,"(0, 2013, 73.4, 297.1)"
238,4091777.8826151583,1241978.6554400907,840059.8149112845,0.0,674793.7162531739,484932.7696489348,850012.9263616744,"(0, 2012, 71.8, 345.3)"
239,5528596.190863311,2103696.7760405755,1415160.0025589522,0.0,674793.7162531739,484932.7696489348,850012.9263616744,"(0, 2016, 109.0, 324.4)"
240,4373760.966273219,1425578.1576128965,938443.3963965398,0.0,674793.7162531739,484932.7696489348,850012.9263616744,"(0, 2014, 76.7, 320.9)"
241,4701415.520540742,1614813.1764333635,1076862.9318435956,0.0,674793.7162531739,484932.7696489348,850012.9263616744,"(0, 2016, 85.6, 355.1)"
242,3903128.691645768,1152035.2709731068,741354.0084088782,0.0,674793.7162531739,484932.7696489348,850012.9263616744,"(0, 2013, 63.5, 358.7)"
243,4424049.809938643,1475836.420413056,938473.9772618047,0.0,674793.7162531739,484932.7696489348,850012.9263616744,"(0, 2015, 80.2, 298.3)"
244,4173672.892569237,1294624.8678743818,869308.6124310718,0.0,674793.7162531739,484932.7696489348,850012.9263616744,"(0, 2017, 75.8, 305.2)"
245,3799991.4166642576,1102293.7272457944,687958.2771546801,0.0,674793.7162531739,484932.7696489348,850012.9263616744,"(0, 2015, 64.2, 292.1)"
246,3822069.8751086346,1085878.4219631844,726452.0408816672,0.0,674793.7162531739,484932.7696489348,850012.9263616744,"(0, 2017, 64.7, 318.5)"
247,4772388.144547526,1672270.318799567,1090378.413484175,0.0,674793.7162531739,484932.7696489348,850012.9263616744,"(0, 2013, 86.5, 346.0)"
248,4235749.055403965,1342868.7691500774,883140.8739901045,0.0,674793.7162531739,484932.7696489348,850012.9263616744,"(0, 2014, 72.8, 323.7)"
249,3924935.2420273786,1150020.1696491176,765175.6601144779,0.0,674793.7162531739,484932.7696489348,850012.9263616744,"(0, 2016, 66.2, 341.5)"
250,4254188.285023446,1359330.1765924254,885118.6961672376,0.0,674793.7162531739,484932.7696489348,850012.9263616744,"(0, 2014, 68.8, 382.8)"
251,4697060.306217557,1626015.0898617322,1061305.8040920417,0.0,674793.7162531739,484932.7696489348,850012.9263616744,"(0, 2013, 85.2, 336.9)"
252,4429035.41985537,1444285.3778208694,975010.6297707176,0.0,674793.7162531739,484932.7696489348,850012.9263616744,"(0, 2017, 84.4, 285.9)"
253,4827739.703806024,1686916.4031089705,1131083.888433271,0.0,674793.7162531739,484932.7696489348,850012.9263616744,"(0, 2016, 91.5, 322.1)"
254,4311361.283507779,1379490.8083632824,922131.0628807136,0.0,674793.7162531739,484932.7696489348,850012.9263616744,"(0, 2017, 76.8, 337.7)"
255,4635511.57522567,1593388.127487751,1032384.0354741362,0.0,674793.7162531739,484932.7696489348,850012.9263616744,"(0, 2013, 81.9, 366.9)"
256,4526858.118007991,1497104.4905059398,1020014.2152382679,0.0,674793.7162531739,484932.7696489348,850012.9263616744,"(0, 2012, 83.9, 318.8)"
257,4718261.057953961,1609063.227789051,1099458.417901127,0.0,674793.7162531739,484932.7696489348,850012.9263616744,"(0, 2012, 89.2, 306.4)"
258,4267229.427929586,1357374.2264003216,900115.789265481,0.0,674793.7162531739,484932.7696489348,850012.9263616744,"(0, 2017, 71.5, 388.1)"
259,4266442.301111184,1359462.1022735727,897240.7865738281,0.0,674793.7162531739,484932.7696489348,850012.9263616744,"(0, 2014, 75.2, 303.3)"
260,4152006.641393451,1290387.8720032673,851879.3571264007,0.0,674793.7162531739,484932.7696489348,850012.9263616744,"(0, 2014, 72.4, 299.4)"
261,3805627.400276221,1109518.5805892658,686369.4074231721,0.0,674793.7162531739,484932.7696489348,850012.9263616744,"(0, 2015, 62.2, 318.0)"
262,4054727.940431986,1218482.2436880963,826506.2844801068,0.0,674793.7162531739,484932.7696489348,850012.9263616744,"(0, 2012, 71.8, 327.7)"
263,4162638.8149773097,1279081.6118666278,873817.7908468987,0.0,674793.7162531739,484932.7696489348,850012.9263616744,"(0, 2012, 76.5, 290.3)"
264,4476971.1392560005,1478213.195253456,989018.5317387618,0.0,674793.7162531739,484932.7696489348,850012.9263616744,"(0, 2016, 82.2, 323.3)"
265,4007462.622014013,1229304.0855498451,768419.1242003848,0.0,674793.7162531739,484932.7696489348,850012.9263616744,"(0, 2015, 68.7, 307.0)"
266,4287672.301452224,1384322.1521296888,893610.7370587522,0.0,674793.7162531739,484932.7696489348,850012.9263616744,"(0, 2013, 73.5, 361.5)"
267,4286315.234641808,1362421.2790768133,914154.5433012118,0.0,674793.7162531739,484932.7696489348,850012.9263616744,"(0, 2017, 78.2, 313.3)"
268,4026854.7544919625,1211060.062153689,806055.2800744905,0.0,674793.7162531739,484932.7696489348,850012.9263616744,"(0, 2016, 68.8, 343.7)"
269,4535397.088549316,1545939.6615202497,979718.0147652834,0.0,674793.7162531739,484932.7696489348,850012.9263616744,"(0, 2015, 81.6, 316.6)"
270,4673452.105998624,1595485.1926617112,1068227.5010731295,0.0,674793.7162531739,484932.7696489348,850012.9263616744,"(0, 2016, 87.1, 326.8)"
271,4458111.593251143,1502488.065646965,945884.1153403942,0.0,674793.7162531739,484932.7696489348,850012.9263616744,"(0, 2015, 78.7, 329.1)"
272,4208725.986271233,1309982.3427232103,889004.2312842398,0.0,674793.7162531739,484932.7696489348,850012.9263616744,"(0, 2012, 75.5, 330.4)"
273,4212755.402072694,1320273.8058659818,882742.1839429287,0.0,674793.7162531739,484932.7696489348,850012.9263616744,"(0, 2017, 74.5, 333.0)"
274,3935010.5486470144,1150908.3182523288,774362.8181309025,0.0,674793.7162531739,484932.7696489348,850012.9263616744,"(0, 2017, 70.9, 284.4)"
275,4027759.992764468,1209958.9571224155,808061.6233782694,0.0,674793.7162531739,484932.7696489348,850012.9263616744,"(0, 2016, 70.5, 319.5)"
276,4427858.583513768,1463368.2414839102,954750.9297660748,0.0,674793.7162531739,484932.7696489348,850012.9263616744,"(0, 2014, 74.1, 373.9)"
277,3856229.5674691848,1106283.9781939066,740206.1770114952,0.0,674793.7162531739,484932.7696489348,850012.9263616744,"(0, 2016, 67.2, 300.5)"
278,4555010.138610395,1550933.782896309,994336.9434503019,0.0,674793.7162531739,484932.7696489348,850012.9263616744,"(0, 2015, 84.4, 287.3)"
279,4263509.060798433,1358853.5936540794,894916.0548805707,0.0,674793.7162531739,484932.7696489348,850012.9263616744,"(0, 2014, 74.1, 316.7)"
280,3845720.3847082728,1092797.882193198,743183.0902512918,0.0,674793.7162531739,484932.7696489348,850012.9263616744,"(0, 2012, 67.7, 304.8)"
281,4379939.5860359,1411098.274546126,959101.8992259908,0.0,674793.7162531739,484932.7696489348,850012.9263616744,"(0, 2012, 79.9, 326.5)"
282,4011314.1133147758,1200873.6124229261,800701.0886280667,0.0,674793.7162531739,484932.7696489348,850012.9263616744,"(0, 2016, 69.3, 330.0)"
283,4777222.133013237,1669069.1203056776,1098413.6004437765,0.0,674793.7162531739,484932.7696489348,850012.9263616744,"(0, 2014, 86.6, 331.5)"
284,4141849.595279263,1310738.6761666313,821371.5068488484,0.0,674793.7162531739,484932.7696489348,850012.9263616744,"(0, 2015, 71.8, 312.7)"
285,4013783.4407105,1201239.0889329033,802804.9395138136,0.0,674793.7162531739,484932.7696489348,850012.9263616744,"(0, 2016, 70.5, 314.4)"
286,4100302.910353674,1263221.682023614,827341.816066277,0.0,674793.7162531739,484932.7696489348,850012.9263616744,"(0, 2014, 67.4, 346.0)"
287,4454539.510065671,1475044.7985996166,969755.2992022708,0.0,674793.7162531739,484932.7696489348,850012.9263616744,"(0, 2014, 78.1, 330.5)"
288,4184390.518249722,1313401.7735290295,861249.3324569096,0.0,674793.7162531739,484932.7696489348,850012.9263616744,"(0, 2014, 70.2, 339.4)"
289,4289718.276793101,1374097.628592545,905881.2359367728,0.0,674793.7162531739,484932.7696489348,850012.9263616744,"(0, 2013, 79.3, 269.4)"
290,4446870.5823458135,1451297.2244669455,985833.9456150848,0.0,674793.7162531739,484932.7696489348,850012.9263616744,"(0, 2012, 81.2, 332.6)"
291,4436948.443348445,1497040.8864372864,930168.1446473759,0.0,674793.7162531739,484932.7696489348,850012.9263616744,"(0, 2015, 75.5, 363.8)"
292,4120556.642983603,1254764.0722134316,856053.1585063883,0.0,674793.7162531739,484932.7696489348,850012.9263616744,"(0, 2012, 75.1, 296.6)"
293,3628618.8596534566,971148.9718843438,647730.4755053297,0.0,674793.7162531739,484932.7696489348,850012.9263616744,"(0, 2016, 59.9, 313.6)"
294,4128030.294780278,1300316.4291792233,817974.4533372719,0.0,674793.7162531739,484932.7696489348,850012.9263616744,"(0, 2015, 72.3, 301.6)"
295,4299474.553984223,1379761.8378737369,909973.3038467035,0.0,674793.7162531739,484932.7696489348,850012.9263616744,"(0, 2014, 75.7, 308.3)"
296,4060372.904214095,1222060.1520069803,828573.3399433314,0.0,674793.7162531739,484932.7696489348,850012.9263616744,"(0, 2012, 71.8, 330.4)"
297,4318041.052500401,1394403.0917907811,913898.5484458364,0.0,674793.7162531739,484932.7696489348,850012.9263616744,"(0, 2014, 73.3, 345.8)"
298,4141798.9858869123,1267883.1335883995,864176.4400347294,0.0,674793.7162531739,484932.7696489348,850012.9263616744,"(0, 2012, 75.3, 302.7)"
299,3946125.8598582884,1168242.4967173967,768143.9508771086,0.0,674793.7162531739,484932.7696489348,850012.9263616744,"(0, 2014, 65.1, 320.7)"
300,4010945.9494746793,1198984.733696224,802221.8035146723,0.0,674793.7162531739,484932.7696489348,850012.9263616744,"(0, 2017, 69.7, 323.2)"
301,4598572.253240223,1571923.4940737104,1016909.3469027296,0.0,674793.7162531739,484932.7696489348,850012.9263616744,"(0, 2013, 80.7, 371.7)"
302,4427601.466856485,1484102.1635520505,933759.8910406522,0.0,674793.7162531739,484932.7696489348,850012.9263616744,"(0, 2015, 78.0, 328.1)"
303,3992639.891909397,1187187.229568703,795713.250076911,0.0,674793.7162531739,484932.7696489348,850012.9263616744,"(0, 2017, 70.2, 311.3)"
304,4107948.219274494,1269119.2487733497,829089.5582373609,0.0,674793.7162531739,484932.7696489348,850012.9263616744,"(0, 2013, 73.1, 294.3)"
305,4178572.295211246,1316087.5942738794,852745.288673583,0.0,674793.7162531739,484932.7696489348,850012.9263616744,"(0, 2013, 72.3, 335.8)"
306,4237987.201427763,1349660.122717077,878587.6664469033,0.0,674793.7162531739,484932.7696489348,850012.9263616744,"(0, 2013, 74.9, 318.8)"
307,4279916.395018078,1351099.2797308667,919077.7030234286,0.0,674793.7162531739,484932.7696489348,850012.9263616744,"(0, 2012, 77.9, 318.0)"
308,4673195.990517406,1628763.059473191,1034693.518780432,0.0,674793.7162531739,484932.7696489348,850012.9263616744,"(0, 2015, 84.7, 321.2)"
309,4078888.6692090393,1276431.3266545886,792717.9302906678,0.0,674793.7162531739,484932.7696489348,850012.9263616744,"(0, 2015, 68.7, 331.2)"
310,4402138.500031937,1443555.538568625,948843.549199529,0.0,674793.7162531739,484932.7696489348,850012.9263616744,"(0, 2014, 76.7, 331.1)"
311,4293132.82478053,1360161.0966082094,923232.3159085378,0.0,674793.7162531739,484932.7696489348,850012.9263616744,"(0, 2012, 77.5, 332.0)"
312,4600495.439800993,1563653.6429186827,1027102.3846185271,0.0,674793.7162531739,484932.7696489348,850012.9263616744,"(0, 2014, 81.3, 339.2)"
313,4287444.924904944,1368203.4972884401,909502.0153527217,0.0,674793.7162531739,484932.7696489348,850012.9263616744,"(0, 2016, 74.4, 362.1)"
314,5143464.481818867,1904330.0054739907,1229395.064081093,0.0,674793.7162531739,484932.7696489348,850012.9263616744,"(0, 2015, 97.3, 309.4)"
315,4040865.2543465495,1215921.8030437646,815204.0390390017,0.0,674793.7162531739,484932.7696489348,850012.9263616744,"(0, 2016, 72.7, 294.8)"
316,4662280.45036393,1629403.8504651003,1023137.1876350476,0.0,674793.7162531739,484932.7696489348,850012.9263616744,"(0, 2015, 81.9, 354.4)"
317,3901995.9161857227,1134184.8547653882,758071.6491565516,0.0,674793.7162531739,484932.7696489348,850012.9263616744,"(0, 2016, 67.8, 309.5)"
318,3701214.689045077,1013287.0866670683,678188.1901142258,0.0,674793.7162531739,484932.7696489348,850012.9263616744,"(0, 2017, 61.6, 312.3)"
319,3999679.329667838,1183318.887587935,806621.0298161198,0.0,674793.7162531739,484932.7696489348,850012.9263616744,"(0, 2012, 72.0, 297.4)"
